0.0429307,0.0286334,-0.00776079,-0.00729412,0.0684902,-0.0300995,0.0271493,0.00535881,0.00628199,0.0124043,-0.0139943,0.0274458,0.00573423,-0.182555,0.0744056,0.0524236,0.00313725,-0.0685761,-0.0229086,0.0776314	-0.2197,-0.265831,-0.247273,-0.271833,-0.189114,-0.202984,-0.262645,-0.317247,-0.302532,-0.369805,-0.334561,-0.227878,-0.19465,-0.280512,-0.207878,0.0352423,-0.314025,-0.226441,-0.305271,0.0510994	0.260177,0.29224,0.239972,0.265064,0.25431,0.173948,0.287743,0.322058,0.308228,0.380464,0.322074,0.253736,0.20016,0.103244,0.277984,0.0172131,0.31685,0.160355,0.284351,0.0266376
0.0469799,0.0226989,0.000215796,0.00543232,0.0273973,-0.0378251,0.0628629,-0.0200698,0.00462453,0.019388,0.00672305,0.00197672,0.0300683,0.00475543,0.191722,0.0253654,0.0630358,0.0301873,-0.00947758,-0.0445129	-0.182006,-0.308212,-0.253142,-0.257191,-0.201997,-0.163178,-0.237979,-0.35339,-0.285848,-0.257444,-0.258111,-0.229262,-0.0769545,-0.116487,0.0537348,0.127127,-0.111486,-0.035252,-0.225696,0.000293083	0.227045,0.328612,0.253344,0.262257,0.228132,0.126131,0.296408,0.335701,0.29009,0.275457,0.264375,0.231134,0.106776,0.121176,0.139423,-0.10209,0.173304,0.0653698,0.216682,-0.0448054
0.0220898,0.022907,-0.0235421,-0.0599362,0.00343365,-0.0633397,0.0296931,-0.0320197,-0.0240447,0.0487746,0.003772,-0.0320107,-0.0423632,-0.027937,0.133581,0.299852,0.0286419,0.0709677,0.0866507,-0.112798	-0.213968,-0.316353,-0.258123,-0.303445,-0.240715,-0.140088,-0.300054,-0.360976,-0.320884,-0.296206,-0.280565,-0.232873,-0.128608,-0.0089465,-0.0882298,0.312098,-0.116919,-0.0462994,0.12672,-0.0467682	0.234947,0.336819,0.236015,0.248019,0.243947,0.0774355,0.326835,0.332803,0.299148,0.340067,0.284036,0.20237,0.0867177,-0.0189952,0.219227,-0.0135106,0.145075,0.116883,-0.040514,-0.0663803
0.0566941,0.075909,-0.0317424,-0.004884,0.00502398,-0.0183631,0.0336042,0.0433547,-0.0142586,-0.00694235,0.00025227,0.0028436,0.0321476,0.0282177,-0.0541996,-0.0981084,0.111111,0.00822229,0.0440268,0.100902	-0.180603,-0.22464,-0.240182,-0.275169,-0.231266,-0.218626,-0.309059,-0.284484,-0.293957,-0.393548,-0.35831,-0.252957,-0.110379,-0.122173,-0.313087,-0.087577,-0.188892,-0.178183,-0.283062,-0.0162883	0.234892,0.29551,0.210041,0.270649,0.236016,0.20107,0.339141,0.323845,0.280876,0.387665,0.35853,0.255616,0.142023,0.149874,0.263356,-0.0106226,0.293836,0.186133,0.323063,0.116998
0.0397856,0.0563287,-0.0504732,-0.0284257,0.0108833,0.00827713,0.0502914,0.0567831,-0.034734,0.0217044,-0.0562905,0.0130536,0.00156576,-0.0434992,0.0350722,0.107473,0.0399037,0.00782304,-0.071702,0.11816	-0.20928,-0.181445,-0.217335,-0.140739,-0.241981,-0.232618,-0.210065,-0.252814,-0.266384,-0.286606,-0.262667,-0.177517,-0.0720503,-0.145739,-0.23235,0.0878959,-0.295009,-0.136784,-0.307048,-0.0241217	0.247009,0.235368,0.168712,0.112765,0.252201,0.240432,0.257635,0.305215,0.233813,0.306404,0.209474,0.19013,0.0736077,0.102893,0.26526,0.0197639,0.331016,0.144452,0.240644,0.141877
0.00666342,0.0300862,-0.0151485,-0.0383296,0.0337367,-0.0295605,0.019305,-0.0111456,-0.0319256,0.0733796,0.0309976,-0.0645468,-0.0412603,-0.0235714,0.214804,0.260663,0.0417784,0.0826602,0.0447242,-0.0628638	-0.203651,-0.277999,-0.252724,-0.306416,-0.205132,-0.164434,-0.331899,-0.28752,-0.336151,-0.347545,-0.227042,-0.267045,-0.116488,-0.036306,0.00394135,0.282543,-0.19017,-0.0225577,-0.0109769,-0.00124069	0.21003,0.30553,0.238489,0.271273,0.237227,0.135532,0.348968,0.277263,0.307525,0.410457,0.256236,0.206049,0.0755911,0.0127454,0.211041,-0.0236203,0.23012,0.105022,0.0556738,-0.0616279
-0.0206291,0.0582002,0.0982456,-0.0137504,0.00212836,-0.00505324,0.0522573,0.0096715,-0.00754593,0.0148924,-0.0372016,-0.0546204,0.0529507,0.000950119,0.0412979,-0.0483619,-0.173526,-0.173797,0.0334512,-0.0600299	0.00570913,-0.0118151,0.067928,-0.0167923,0.020677,0.0273947,0.0287183,-0.0437461,0.00165563,0.132072,0.0279438,-0.0333685,0.168423,-0.026565,0.157377,0.088314,-0.0700876,-0.1,0.149425,0.0125786	-0.0263351,0.0699672,0.0305213,0.0030426,-0.0185495,-0.0324435,0.0235744,0.053395,-0.00920145,-0.117411,-0.0650778,-0.0212908,-0.116512,0.0275145,-0.116838,-0.136095,-0.104712,-0.075102,-0.116557,-0.0725538
-0.0147933,0.0510204,0.00591516,-0.0533101,0.0195774,0.00974026,0.070891,0.00398597,-0.0170192,0.0547103,0.0210559,-0.0165523,0.0259371,-0.17144,0.115666,0.0543478,-0.32244,-0.0150342,-0.301186,-0.0994206	-0.00745178,-0.039317,-0.005846,-0.0516579,0.00137342,0.081175,-0.00960468,-0.0673874,-0.0373832,0.101782,0.0448625,0.00258437,0.11493,-0.0613113,0.166164,0.0817844,-0.273364,0.00628345,0.0239295,-0.00236486	-0.00734236,0.0901565,0.0117608,-0.00165673,0.0182044,-0.0714913,0.0804409,0.0713542,0.0203769,-0.0473353,-0.0238291,-0.0191359,-0.089259,-0.111298,-0.0514874,-0.0275591,-0.0538194,-0.0213156,-0.322789,-0.0970785
-0.0146946,0.0894584,0.117007,-0.0102669,0.0448228,0.0320457,0.0944056,0.0580927,0.0343146,0.0210661,0.109421,0.000747664,0.0474188,-0.0897748,0.104401,0.114265,0.102899,0.240014,0.127361,0.394556	0.0248368,0.0940434,0.158377,-0.0071161,0.0687755,0.0087964,0.0206522,0.0757872,0.0786558,0.0570833,0.073227,0.00999811,0.152403,-0.118739,0.171553,0.156465,0.199378,0.215732,0.0647482,0.272922	-0.039517,-0.00462387,-0.0421517,-0.00315107,-0.0240268,0.0232558,0.0738975,-0.0177727,-0.0444612,-0.0360605,0.0364862,-0.00925052,-0.105748,0.0292762,-0.0683761,-0.0429688,-0.0985,0.0256076,0.0631338,0.136313
-0.0708442,-0.0846856,-0.214712,-0.216382,-0.0861644,-0.105369,-0.0464315,-0.122601,-0.182309,-0.305845,-0.196536,-0.120109,-0.0834101,-0.10293,0.155109,0.10908,-0.0408163,0.0254714,0.0137628,0.391777	-0.0335262,0.00613155,-0.111761,-0.036318,-0.0580986,-0.138231,0.00241463,-0.0759731,-0.0826597,-0.14745,-0.0277962,-0.032032,0.0910587,-0.105437,0.17987,0.105995,-0.107698,0.0678608,0.0931481,0.238305	-0.0374069,-0.09077,-0.105482,-0.18149,-0.028207,0.033348,-0.0488407,-0.0470666,-0.101174,-0.165876,-0.169667,-0.0884173,-0.173154,0.00253456,-0.0254707,0.00312067,0.0671766,-0.0424628,-0.0794872,0.169276
-0.00237154,0.0462593,0.0769344,0.0309152,0.0601752,-0.00823114,0.0475559,-0.029786,0.00534362,0.147692,0.0369571,0.0040107,0.00468541,-0.0795814,0.146237,0.0975815,-0.226224,-0.0872943,-0.214562,-0.0730695	0.0162394,-0.0204518,0.0429404,-0.0246163,0.0357794,-0.00118423,-0.0748927,-0.0429325,-0.046325,0.0733678,0.0762687,0.0104649,0.105302,0.00215008,0.181272,0.137533,-0.245922,-0.0508555,0.0500272,0.0163885	-0.0186103,0.066648,0.0341066,0.0554893,0.0244484,-0.00704698,0.122014,0.0131634,0.0516558,0.0751383,-0.0394226,-0.00645452,-0.100666,-0.0817175,-0.0359892,-0.0404947,0.0208586,-0.0366013,-0.261779,-0.0893509
0.228901,0.252759,0.184982,0.244742,0.249928,0.243534,0.356668,0.23409,0.271017,0.306456,0.273768,0.16614,0.0577611,0.0359038,0.256238,0.242371,0.0839743,0.100751,-0.147689,-0.0223988	0.208152,0.227806,0.203755,0.25032,0.210003,0.284088,0.2894,0.20982,0.237686,0.229606,0.230952,0.16614,0.0556028,0.165642,0.190687,0.168769,0.0688748,0.0524721,0.132117,0.000591628	0.0217872,0.0264773,-0.0195087,-0.00594228,0.0421364,-0.0435681,0.0750096,0.0255237,0.0356268,0.0826672,0.0457056,0,0.00216528,-0.130514,0.0689184,0.0767412,0.0151873,0.0485351,-0.274451,-0.0229902
-0.0290218,-0.0219732,0.00127348,-0.0676912,0.0186722,-0.00334251,0.0480695,-0.0445014,-0.00357021,0.0312382,0.0737319,-0.0371947,0.0944499,-0.0866299,-0.0417457,-0.0287064,-0.0485893,-0.0977633,0.242054,0.034781	-0.0184661,0.05153,0.067187,-0.0616829,0.0218522,-0.0553485,0.00356347,0.0259539,0.027885,-0.0605381,-0.0266054,-0.0510669,0.068695,-0.0841075,-0.115974,-0.14764,-0.105511,-0.185202,0.0594369,-0.124403	-0.0105613,-0.0734201,-0.0659191,-0.00603344,-0.00318134,0.0520156,0.0445136,-0.070374,-0.031452,0.0916031,0.100141,0.0138987,0.025923,-0.002541,0.0745891,0.11944,0.0572153,0.0890511,0.185283,0.158499
-0.0827044,-0.161529,-0.222707,-0.186382,-0.0271967,-0.103996,-0.0366636,-0.119961,-0.106474,-0.141108,-0.168668,-0.0802559,-0.0745078,-0.0584443,0.111246,0.0445185,-0.0219393,-0.12929,0.138905,0.0341832	-0.0742301,-0.0119869,-0.0980185,0.000673552,-0.0186109,-0.165927,0.033601,-0.0228245,-0.0138362,-0.0972574,-0.0713991,-0.0131424,-0.0246849,-0.0360757,0.0119507,-0.0909331,-0.159059,-0.178523,0.0987088,-0.144509	-0.00852655,-0.149832,-0.127471,-0.187032,-0.0085901,0.0630179,-0.0701782,-0.0974036,-0.0927748,-0.0444608,-0.0984546,-0.0671844,-0.0499148,-0.0224159,0.0994272,0.134905,0.1376,0.0503963,0.0407555,0.177814
0.0488804,0.0481256,0.127538,0.0549643,0.0568968,0.147229,0.0603236,0.0300995,0.0540579,0.217954,0.102919,0.00208582,0.00433426,0.0245823,0.342507,0.222158,0.104467,0.093086,-0.0950563,-0.0248568	0.0435391,0.0441975,0.120992,0.00318869,0.017396,0.12562,-0.0386576,0.0630583,-0.00506262,0.0431429,0.0831048,-0.0104458,0.0140032,0.120344,0.272305,0.152472,0.0127168,0.0574225,0.0961538,-0.00451707	0.0053526,0.00393647,0.00664853,0.0517847,0.0395399,0.0220162,0.0987508,-0.0330215,0.0591043,0.176471,0.0199847,0.0125313,-0.00966948,-0.0960462,0.0774231,0.0721297,0.0918721,0.0358551,-0.189478,-0.0203421
-0.0587388,-0.0279869,-0.0367127,-0.0966722,-0.027441,-0.0154851,0.0159114,-0.102572,-0.0605238,-0.00145402,0.0603434,-0.0868988,-0.0530194,-0.0307619,0.04,-0.118247,-0.313872,0.0755154,0.130435,0.0268997	-0.0306894,0.066729,0.0109579,-0.0954952,0.0122883,-0.101328,0.0314438,-0.01723,-0.00169693,-0.0178763,0.00521492,-0.0987068,-0.0695897,-0.168831,0.0397479,-0.124135,-0.331513,0.0389349,-0.251241,-0.159029	-0.0281001,-0.0945394,-0.0476515,-0.00118805,-0.0397159,0.0859782,-0.0155402,-0.085493,-0.0588329,0.0164227,0.0551458,0.0119101,0.0166316,0.13879,0.000252461,0.00597477,0.0196898,0.0366884,0.369565,0.185136
-0.0772856,-0.162327,-0.160551,-0.181435,-0.0716618,-0.132928,-0.0607002,-0.0905846,-0.115706,-0.160977,-0.130061,-0.126922,-0.0953634,0.0394604,0.123932,0.125099,-0.0487901,-0.0860266,-0.0275069,0.0338748	-0.0496683,0.00751611,-0.0443172,0.00157127,-0.025789,-0.226806,0.0651513,0.0260111,0.00310332,-0.0388901,0.00702988,-0.0703588,-0.0537908,-0.0734027,0.0928735,0.0957714,-0.135836,-0.0801244,-0.305288,-0.173293	-0.0277237,-0.169636,-0.117067,-0.182954,-0.0459577,0.0967965,-0.125356,-0.116322,-0.118767,-0.122856,-0.136965,-0.0570727,-0.041787,0.112537,0.0314198,0.0296834,0.0876262,-0.00594321,0.280133,0.205959
0.064424,0.100965,0.139082,0.0607174,0.171918,0.232737,0.116099,0.0987817,0.121556,0.206786,0.165287,0.12886,0.178674,0.148434,0.257908,0.383039,0.256769,0.144285,0.115551,-0.0599917	0.0761797,0.117839,0.1155,0.00431514,0.165017,0.175853,0.0682741,0.151747,0.0885819,0.0900492,0.181689,0.116797,0.189527,0.118387,0.248357,0.390431,0.191759,0.157845,0.0163767,-0.0602509	-0.0118137,-0.0170773,0.0239672,0.0564171,0.00710292,0.059311,0.0482073,-0.0537709,0.0333333,0.118952,-0.0169097,0.0122478,-0.0112341,0.0305847,0.0102041,-0.00869197,0.0683775,-0.013876,0.0993626,0.000260146
-0.0800204,-0.120279,-0.1683,-0.217862,-0.0835514,-0.125542,-0.110187,-0.138058,-0.155797,-0.210255,-0.192982,-0.158551,0.0556156,-0.156168,0.163786,0.0850249,0.0792438,0.157895,0.00959639,0.489176	-0.0825144,-0.0370577,-0.0981456,-0.0329828,-0.0783559,-0.135905,0.00514184,-0.106733,-0.0922698,-0.0488134,0.0212667,-0.0775144,0.15,-0.134123,0.121825,0.0419272,-0.0700173,0.231812,0.153127,0.447299	0.00251059,-0.0835939,-0.071333,-0.186217,-0.00522973,0.0105428,-0.115263,-0.0317938,-0.0644538,-0.163116,-0.213373,-0.0820448,-0.0951785,-0.0225162,0.0428154,0.0432519,0.148438,-0.0767252,-0.143742,0.0536059
0.0160239,0.0432178,0.0483445,-0.0587849,0.00655988,-0.0610766,0.0181329,-0.0694277,-0.0215122,0.0357503,0.00348533,-0.0939586,-0.119563,-0.218744,-0.0272432,-0.0800624,-0.210778,-0.0675491,-0.207662,-0.166471	0.000668717,-0.026617,-0.0176256,-0.115296,-0.036507,-0.0366437,-0.04479,-0.0951823,-0.106457,-0.0696517,0.0716501,-0.094843,-0.0917845,-0.124128,-0.0378529,-0.0635089,-0.268994,-0.0166065,0.102515,-0.00140944	0.0153553,0.0697545,0.0659139,0.0568963,0.0430566,-0.0244878,0.0628718,0.0259259,0.0851395,0.10514,-0.0681818,0.000892326,-0.0280868,-0.0972559,0.0106206,-0.0166381,0.0617157,-0.0509998,-0.303712,-0.1651
-0.0538949,-0.0306627,-0.0754168,-0.0420218,-0.0740866,-0.187033,0.0311766,-0.0252912,-0.00937337,-0.0251921,-0.0286533,-0.0635196,-0.146056,-0.0580155,0.12313,0.124923,-0.0104018,-0.0970414,-0.197711,-0.181766	-0.0672184,-0.169139,-0.200235,-0.247548,-0.121771,-0.15482,-0.131548,-0.0788063,-0.15188,-0.253556,-0.136581,-0.132336,-0.172043,0.0201605,0.139974,0.166843,0.00999167,-0.0866651,0.0155579,0.0012396	0.0133719,0.139199,0.126732,0.207687,0.0481187,-0.0331737,0.16206,0.053622,0.14271,0.229832,0.108351,0.0694002,0.0266572,-0.0780847,-0.0171392,-0.042812,-0.0203913,-0.0104644,-0.212615,-0.182964
-0.0602427,0.0416667,0.097095,-0.0178113,-0.019575,0.0275605,0.0036658,0.0252994,-0.0111555,0.00262009,-0.0408715,-0.0587284,0.0272251,-0.00374037,-0.116463,-0.064257,-0.240506,-0.182449,0.0408367,-0.0144298	-0.0286108,-0.0317033,0.0728732,-0.0115477,-0.0320449,0.0510476,0.00983556,-0.0470293,-0.00285426,0.123288,0.0375022,-0.0565257,0.174288,0.134837,0.102326,0.022638,-0.0775401,-0.0370286,0.16208,-0.0675987	-0.0316866,0.0732732,0.0243944,-0.00626482,0.0124777,-0.0235202,-0.00616998,0.0722427,-0.00830151,-0.120707,-0.0782537,-0.00221013,-0.147764,-0.138508,-0.216212,-0.0867688,-0.166063,-0.14641,-0.122051,0.0532208
-0.0336482,0.0334543,0.0241408,-0.00752933,0.0174624,0.0657451,0.0481603,0.0294213,0.000806192,0.0233048,0.0176131,0.00878156,0.0667727,-0.131632,0.00423227,-0.256658,-0.346432,-0.0853209,-0.363623,0.0234132	-0.0404455,-0.0583753,-0.000163666,-0.0446654,-0.0463964,0.102546,-0.0270721,-0.0701806,-0.0412419,0.0943882,0.0531113,-0.0163609,0.112155,0.0877721,0.104244,0.0403441,-0.276851,0.0621482,0.0457143,-0.0824861	0.00680658,0.0916506,0.0243044,0.0371486,0.0638071,-0.0370509,0.0751344,0.0993967,0.0420467,-0.0712401,-0.0355314,0.0251388,-0.0457245,-0.216899,-0.100056,-0.293958,-0.0769623,-0.146691,-0.402644,0.105695
-0.0605967,0.0319509,0.13833,-0.00654695,0.0420902,0.0479148,0.0687593,0.0262324,0.044993,0.0246914,0.105152,-0.00157418,0.0193734,-0.112479,0.131777,0.183333,-0.0173317,0.196248,0.0672658,0.319887	-0.0112268,0.0755129,0.159126,-0.00131628,0.0119501,0.0355107,0.00108899,0.074272,0.0729822,0.0464096,0.0814917,-0.0137998,0.154388,0.0876885,0.0825254,0.0557621,0.220831,0.276956,0.0871012,0.206979	-0.0494035,-0.0436674,-0.0212639,-0.00523071,0.0301553,0.0124252,0.0676754,-0.0481334,-0.0280814,-0.0217432,0.0238645,0.0122259,-0.13542,-0.198212,0.0497936,0.128889,-0.237255,-0.0853468,-0.0199524,0.120913
-0.103711,-0.128201,-0.175702,-0.196144,-0.0977192,-0.113827,-0.0838752,-0.165597,-0.157114,-0.313127,-0.153503,-0.136641,-0.0871212,-0.0525077,0.11567,-0.0184966,-0.0840774,0.013544,0.0917739,0.295345	-0.0723594,-0.0188931,-0.100022,-0.0289396,-0.118178,-0.114729,-0.019485,-0.083953,-0.0855237,-0.155872,-0.0139148,-0.0590682,0.0871159,0.0628632,0.10316,0.0360451,-0.115025,0.141767,0.109153,0.172064	-0.0315887,-0.109573,-0.0770346,-0.168159,0.0206981,0.000913659,-0.0644955,-0.0827952,-0.0725658,-0.165325,-0.139887,-0.0782042,-0.172925,-0.114991,0.0126611,-0.0545053,0.03125,-0.12847,-0.0175549,0.129881
-0.00789192,0.0226597,0.0876093,0.0602243,0.0345385,0.0175708,0.0324931,-0.0209084,0.029151,0.100124,0.0127406,0.0574028,0.0437158,-0.0483842,-0.0405466,-0.179512,-0.265306,-0.158718,-0.243298,-0.00680272	-0.0138279,-0.0379696,0.0471579,-0.0197443,-0.00887074,0.0194838,-0.0901387,-0.045544,-0.0494101,0.0678715,0.0845321,-0.00794585,0.102197,0.142061,0.133333,0.0917197,-0.251315,0.0080981,0.0709459,-0.0584984	0.00593668,0.0605772,0.0406193,0.0798736,0.043396,-0.00191371,0.122274,0.024659,0.0784482,0.0324733,-0.0718689,0.0653188,-0.0587432,-0.189145,-0.172945,-0.266838,-0.0149901,-0.166602,-0.308912,0.0517162
0.215171,0.237327,0.198856,0.289368,0.249162,0.294224,0.342073,0.253742,0.289742,0.273203,0.266145,0.196437,0.104949,0.0621879,0.160524,-0.0855038,0.061244,0.0356977,-0.22907,0.0949848	0.172382,0.213344,0.198513,0.237801,0.190033,0.308394,0.248115,0.218767,0.232641,0.218942,0.222161,0.165967,0.034079,0.162582,0.03641,0.148521,0.0301904,0.0250384,0.140146,0.0467819	0.0444371,0.0252621,0.000357015,0.0553774,0.0620677,-0.0155844,0.102673,0.0370305,0.0612284,0.0577141,0.046748,0.0314961,0.071124,-0.101419,0.124843,-0.231091,0.0311111,0.0106688,-0.357732,0.048418
-0.0741911,-0.0750742,0.0231815,-0.0639971,0.0147995,0.0105831,0.0247634,-0.0732676,0.00672414,0.0350419,0.0716428,-0.0408359,0.0683278,-0.113208,-0.00574581,0.0643059,-0.145161,-0.0966698,0.169858,-0.0697272	-0.0596148,0.0358923,0.0657785,-0.0655349,-0.000677851,-0.0233501,-0.0427287,0.043486,0.0242063,-0.0724904,-0.0308011,-0.0546107,0.0392304,-0.0928534,-0.26366,-0.133933,-0.186618,-0.2009,0.0671158,-0.0874317	-0.0146411,-0.110668,-0.0426621,0.00154427,0.0154772,0.0339247,0.0674208,-0.116383,-0.017485,0.10726,0.102218,0.0138056,0.0291756,-0.0205704,0.258305,0.196546,0.0426106,0.106295,0.103927,0.0178131
-0.116658,-0.200801,-0.187455,-0.166575,-0.0353276,-0.111494,-0.0738025,-0.155349,-0.0829133,-0.152643,-0.126247,-0.0932906,-0.0811386,-0.0198257,0.0842598,-0.0640127,-0.0556497,-0.127056,0.210349,-0.087929	-0.118981,-0.0326432,-0.0941795,-0.00462148,-0.0427818,-0.13612,-0.0180314,-0.00667037,-0.0175047,-0.112769,-0.0725838,-0.0155515,-0.061413,-0.0394962,-0.146476,-0.10063,-0.218195,-0.196725,0.0982393,-0.113734	0.00235537,-0.169268,-0.0949515,-0.162078,0.0074654,0.025005,-0.0558454,-0.148833,-0.0655037,-0.0405719,-0.0541596,-0.0778521,-0.0198243,0.0196859,0.227923,0.036855,0.164543,0.0714551,0.114475,0.0260659
0.0446102,0.0265351,0.137593,0.0835175,0.0307541,0.171195,0.0472288,0.0372293,0.0773631,0.170566,0.0783669,0.0541328,0.0459059,0.0465458,0.182104,-0.0623816,0.0721631,0.0175027,-0.13618,0.0401743	0.00960931,0.0299678,0.119489,-0.000135925,-0.000272405,0.15284,-0.0765556,0.0740886,-0.00777031,0.0336186,0.0788103,-0.0115042,-0.00922968,0.115599,0.137626,0.12741,-0.0287758,0.0294071,0.101941,0.0386184	0.0350159,-0.00343552,0.0184068,0.0836524,0.0310263,0.0188483,0.123338,-0.0369613,0.0850822,0.137737,-0.000446163,0.0655961,0.0551123,-0.0694266,0.0456216,-0.188295,0.10073,-0.0119105,-0.234861,0.00155829
-0.101004,-0.0782154,-0.0134551,-0.0897183,-0.0306477,-0.00240563,-0.0058363,-0.128584,-0.0505867,0.00272282,0.0586706,-0.0895273,-0.0793419,-0.0542083,0.0713479,-0.0416769,-0.385194,0.0668467,0.0854222,-0.078122	-0.0504622,0.050692,0.0296463,-0.046966,0.00937654,-0.0468529,0.00997831,0.00899187,0.0173322,-0.0516738,0.00230805,-0.0740615,-0.0270687,-0.145251,-0.0798914,-0.393949,-0.380682,-0.0404858,-0.327402,-0.0413125	-0.050801,-0.128398,-0.0430843,-0.0429332,-0.0400128,0.0444523,-0.0158137,-0.137417,-0.0678594,0.054389,0.0563702,-0.015569,-0.0523858,0.0917657,0.150382,0.358152,-0.0052874,0.107043,0.401592,-0.0369287
-0.107976,-0.200059,-0.122576,-0.155548,-0.0794336,-0.139125,-0.0936838,-0.124798,-0.0923669,-0.17378,-0.091737,-0.137384,-0.098676,0.0757637,0.0911067,0.03935,-0.0718232,-0.0885617,0.0425056,-0.0893062	-0.0710768,-0.0130204,-0.0204248,0.0604839,-0.0291386,-0.175391,0.0419103,0.055181,0.0233231,-0.0803818,0.00329248,-0.0433986,-0.00706472,-0.0451302,-0.0228319,-0.22349,-0.162244,-0.149799,-0.360281,-0.0619818	-0.0371846,-0.187528,-0.102407,-0.214018,-0.0504117,0.0371734,-0.135064,-0.178748,-0.115441,-0.0947219,-0.0950008,-0.0945495,-0.0916752,0.120482,0.113702,0.260549,0.0914869,0.0620609,0.396711,-0.0274765
0.0595639,0.0800196,0.14683,0.0857752,0.146529,0.251549,0.103076,0.103484,0.141871,0.161802,0.141431,0.172555,0.211895,0.165982,0.0841724,0.175676,0.232377,0.072771,0.0717589,0.0069237	0.0599601,0.103448,0.12837,0.04006,0.163872,0.221436,0.049941,0.168868,0.101961,0.065392,0.17911,0.135342,0.223743,0.139745,0.161847,0.118937,0.173847,0.0960061,-0.0744974,0.0484874	-0.000397667,-0.0236242,0.0188147,0.0458729,-0.0177699,0.0318895,0.0534101,-0.0665465,0.0404953,0.0974405,-0.038659,0.0381023,-0.0124378,0.0268606,-0.0787476,0.0579497,0.0609934,-0.0233986,0.145479,-0.0415777
-0.115821,-0.167537,-0.125793,-0.196002,-0.0918204,-0.134282,-0.145889,-0.186367,-0.127773,-0.218202,-0.150847,-0.174,0.0568182,-0.114713,0.108051,-0.0529397,0.0350043,0.133012,0.0891594,0.400796	-0.1338,-0.104198,-0.0649748,-0.027693,-0.0828103,-0.122936,-0.0221508,-0.146733,-0.0781407,-0.0419543,0.0196893,-0.0832408,0.116447,-0.157214,0.145255,0.127234,-0.171853,0.197519,0.0857788,0.384598	0.0182627,-0.0644649,-0.0613189,-0.169228,-0.00907912,-0.0115367,-0.124139,-0.0407487,-0.0501324,-0.177876,-0.170031,-0.092093,-0.0600255,0.0432818,-0.0377979,-0.178968,0.205621,-0.0662472,0.00340663,0.0191498
0.0107108,0.0203723,0.0589935,-0.0276908,-0.0211966,-0.0358347,0.0039576,-0.0614439,0.00349762,-0.0167095,-0.0199887,-0.0405866,-0.0827198,-0.200043,-0.211201,-0.326225,-0.27152,-0.148477,-0.245423,-0.112642	-0.0385073,-0.074079,0.00230249,-0.109719,-0.0401003,-0.0245872,-0.0645331,-0.119977,-0.0968665,-0.0669309,0.0714507,-0.0956438,-0.118602,-0.146195,-0.00552956,0.017134,-0.345436,-0.0226904,0.0526316,-0.0984942	0.0491979,0.0943089,0.0566987,0.0822785,0.0189197,-0.0112574,0.0684732,0.0589677,0.10033,0.0502777,-0.091309,0.0552717,0.0362375,-0.0554708,-0.205912,-0.341451,0.0815674,-0.126212,-0.294253,-0.0143062
-0.0610928,-0.0580527,-0.0581547,-0.00429017,-0.103408,-0.164914,0.0156819,-0.0164766,0.0179218,-0.0891942,-0.054677,-0.00493241,-0.106935,-0.0337319,-0.0689708,-0.157937,-0.0484725,-0.177601,-0.224231,-0.13438	-0.0949211,-0.203618,-0.165483,-0.223894,-0.129459,-0.162324,-0.160953,-0.112001,-0.129531,-0.267118,-0.102396,-0.13895,-0.176228,0.0553606,0.116859,0.0737992,-0.014346,-0.0903628,0.0886738,-0.112701	0.0340257,0.147307,0.108371,0.219815,0.0264046,-0.00266146,0.17619,0.0957012,0.147112,0.182266,0.0479879,0.13411,0.0706236,-0.0889265,-0.184344,-0.229067,-0.0341503,-0.0886614,-0.306805,-0.0220126
0.24155,0.221131,0.186192,0.286603,0.227544,0.239441,0.303977,0.240931,0.286713,0.234869,0.247392,0.175582,0.0355487,0.207679,0.15543,0.181788,0.379902,0.118626,0.241398,0.0812357	0.226961,0.188305,0.107886,0.248151,0.207803,0.296913,0.259102,0.209807,0.242387,0.207062,0.268856,0.210301,0.0122757,0.17242,0.157156,0.201373,0.17104,0.212901,0.117662,0.0652174	0.0154353,0.0342514,0.0799121,0.0413966,0.0207207,-0.0618716,0.0487117,0.0327808,0.0476372,0.0292286,-0.0229929,-0.0360502,0.0232831,0.0365685,-0.00176929,-0.0203285,0.223377,-0.0967173,0.127354,0.0161036
-0.0149674,-0.108541,-0.109997,-0.0551664,-0.0252143,-0.0326915,-0.0415454,-0.103706,-0.036651,0.00853679,-0.032753,-0.0375802,0.0507127,-0.0152832,-0.131413,-0.124123,-0.150129,-0.292332,0.158073,-0.377086	0.0025641,-0.00738197,-0.0384481,-0.0451327,0.0198734,-0.052828,-0.0502963,0.0179571,0.0371041,-0.0710804,0.0115378,0.00729087,0.00709406,-0.0935172,-0.165946,-0.0916612,0.13052,-0.013363,0.0398482,-0.111927	-0.0175308,-0.101241,-0.0718525,-0.0100587,-0.0450651,0.0201713,0.00876923,-0.121437,-0.0736549,0.0795689,-0.044274,-0.0448588,0.0436344,0.078346,0.0353031,-0.0328349,-0.275256,-0.280063,0.118974,-0.276844
-0.0135358,-0.0903833,-0.0279159,0.0262056,0.0578282,-0.00904547,0.00690874,-0.00980224,0.0688323,0.161144,0.0307836,0.0394643,0.0177016,0.0338201,-0.0249324,-0.0550336,0.00927406,-0.158017,0.180103,-0.374896	-0.0503734,-0.0730763,-0.175345,0.0149388,-0.0189688,-0.153862,-0.0207813,-0.0312921,-0.00441609,-0.0839558,-0.0212578,0.0450628,-0.0894922,-0.0399714,-0.0331545,-0.0432183,-0.0183515,-0.000919118,0.0873173,-0.148568	0.0368627,-0.0174221,0.148154,0.0112712,0.0767128,0.145018,0.027686,0.0214964,0.0732261,0.241828,0.0520073,-0.00560852,0.107024,0.073692,0.00822891,-0.0118435,0.0276208,-0.157121,0.0942681,-0.239677
0.0509619,0.00635393,0.0588552,0.0250609,-0.00220143,0.157067,0.0164211,0.0603935,0.0489146,0.0650888,0.065023,-0.00187753,-0.00058812,0.105403,0.218409,0.121386,0.311534,0.166577,0.178967,0.049457	0.0621942,-0.00348059,0.0398095,0.0145996,0.0161132,0.131466,-0.0822456,0.0569039,0.00107628,0.0320329,0.11835,0.0370648,-0.0344697,0.132233,0.253009,0.190643,0.127547,0.209281,0.0763616,0.0540979	-0.011268,0.0098343,0.0190904,0.0104651,-0.018314,0.0261416,0.0985336,0.0035016,0.0478408,0.0331249,-0.0537405,-0.0389396,0.0338823,-0.0272094,-0.0366236,-0.0708979,0.1916,-0.0442458,0.104027,-0.00465333
-0.0455674,-0.111144,-0.145776,-0.0814503,-0.0678126,-0.044466,-0.0684416,-0.160598,-0.0905945,-0.0210364,-0.0396758,-0.0872295,-0.103056,0.0409226,-0.0582594,-0.194837,-0.383562,-0.0997916,0.0294534,-0.390193	-0.0158133,0.0174251,0.0051117,-0.0379747,-0.00872044,-0.117468,-0.0392491,-0.0238536,0.0170624,-0.0737864,-0.0174469,-0.0817683,-0.110792,0.00865177,-0.100115,-0.192231,0.00904799,0.0746501,0.0688033,-0.102995	-0.0297756,-0.128321,-0.150776,-0.0436105,-0.0591272,0.073385,-0.0292711,-0.13727,-0.107491,0.052832,-0.0222444,-0.00550038,0.00782504,0.0322823,0.0421007,-0.00270777,-0.391252,-0.173152,-0.0394298,-0.299223
-0.00950999,-0.0942492,0.0413976,0.0314342,0.00642696,-0.0442498,-0.0219862,0.012851,0.0478445,0.133937,0.0548116,-0.0189977,-0.0244944,0.128068,-0.0211954,0.0554672,-0.0279013,-0.122386,-0.045613,-0.380382	-0.0322835,-0.0475391,-0.0425978,0.057305,-0.0443675,-0.228896,-0.00969256,0.0207867,0.0197044,-0.081589,-0.016317,-0.0466338,-0.0861053,0.0951098,-0.0322716,0.0444619,0.176125,-0.078724,0.0132634,-0.130307	0.0227805,-0.0469204,0.0838475,-0.0259175,0.05078,0.186535,-0.0122963,-0.00793779,0.0281667,0.213196,0.0710651,0.0276606,0.0617411,0.0333649,0.0110837,0.0110325,-0.203029,-0.0440871,-0.0588408,-0.263117
0.0664111,0.0629962,0.0627803,0.0293015,0.117801,0.248554,0.0788791,0.130232,0.116415,0.0573524,0.135125,0.125509,0.191585,0.218774,0.132822,0.324684,0.384908,0.236124,0.320108,0.0140081	0.0895881,0.0797243,0.112215,0.0476325,0.153164,0.172053,0.0122946,0.15261,0.103639,0.0463911,0.170369,0.133146,0.181012,0.275249,0.167275,0.366559,0.418601,0.184511,0.341642,0.0329906	-0.0233157,-0.0168126,-0.0497858,-0.0183566,-0.0360123,0.0799191,0.0666491,-0.0228317,0.0129323,0.0109905,-0.0360753,-0.00776671,0.0109529,-0.0600931,-0.0352361,-0.0475324,-0.0401653,0.0539633,-0.0241782,-0.0189913
-0.00651801,-0.0389193,0.0615697,0.0075337,0.00819844,-0.0199778,-0.0720922,-0.0119785,0.0396019,0.132429,0.00704827,-0.0318709,0.171033,-0.0573229,-0.027907,-0.0469993,0.180164,0.193802,-0.00536525,0.133189	-0.0632379,-0.129087,-0.192486,-0.0160697,-0.118544,-0.162438,-0.0907098,-0.156856,-0.11221,-0.0532853,-0.0969163,-0.0727453,0.0857063,-0.0607057,0.0108108,-0.069209,-0.184178,-0.0237329,0.0242244,0.0667802	0.0567433,0.0906234,0.25108,0.0236005,0.12662,0.142924,0.0187402,0.14515,0.15114,0.184413,0.103894,0.0409694,0.0865959,0.00339463,-0.0387061,0.0222822,0.352641,0.216539,-0.0295858,0.0670043
0.0185412,-0.00322234,-0.0341894,-0.0899888,-0.0573871,-0.0553338,-0.0293454,-0.0425638,-0.0281967,-0.123604,-0.0365089,-0.100066,-0.14202,-0.153556,-0.204598,-0.198356,0.0409699,0.0287241,-0.000634518,-0.160767	0.0137042,-0.104124,-0.118517,-0.108891,-0.0760024,-0.0634892,-0.122926,-0.146174,-0.136112,-0.0892912,-0.0214831,-0.0975245,-0.146062,-0.0623532,-0.133227,-0.149864,-0.350886,-0.201659,-0.013467,-0.390842	0.00483826,0.100935,0.0846711,0.0190889,0.0186969,0.00818414,0.0939197,0.104259,0.108331,-0.0346956,-0.0150376,-0.00256681,0.00412817,-0.0920847,-0.0733706,-0.0499775,0.386303,0.229056,0.0128326,0.245502
-0.0495515,-0.0774252,-0.137438,-0.0661553,-0.129908,-0.17057,-0.0184195,0.00601702,-0.0134489,-0.164564,-0.0634896,-0.0622328,-0.155727,0.0165724,-0.0332772,0.0302226,0.21509,-0.00823045,0.0398563,-0.188211	-0.00447427,-0.102761,-0.0195072,-0.0677939,-0.0504549,-0.0714739,-0.0975143,0.0217618,-0.0015124,0.000509251,0.0370932,-0.0267872,-0.109905,0.112094,0.0149166,0.0945975,0.0344002,-0.115132,0.00346784,-0.386119	-0.0450872,0.0255389,-0.118248,0.00164597,-0.0799768,-0.10032,0.0792372,-0.0157469,-0.0119367,-0.16506,-0.100347,-0.0355048,-0.04662,-0.0956992,-0.0481699,-0.0645595,0.182036,0.107003,0.0363934,0.213418
-0.0365495,-0.00844922,-0.0399858,-0.0336852,-0.0523952,-0.0136251,-0.0381724,-0.0751033,-0.0695821,-0.0347599,-0.00879078,-0.0621871,-0.146248,0.0522496,0.0742111,-0.0987778,-0.280226,0.157143,-0.085416,-0.00976404	-0.25592,-0.204716,-0.183446,-0.322576,-0.246092,-0.332868,-0.330425,-0.267182,-0.285416,-0.312044,-0.267821,-0.265309,-0.153519,-0.196231,-0.230553,-0.341774,-0.394768,-0.0755048,-0.180323,-0.146264	0.221442,0.196606,0.14452,0.292064,0.196227,0.320697,0.295986,0.196012,0.220207,0.280324,0.259642,0.20653,0.00743785,0.245958,0.299638,0.251487,0.128789,0.22992,0.0963919,0.136696
0.00440107,-0.00808727,0.074774,0.00741256,-0.0570833,-0.0385193,-0.0361905,0.0260377,-0.020004,-0.031119,0.0298822,-0.064166,-0.0387737,0.0971761,0.00543682,0.0961462,-0.0332074,0.0380303,-0.186913,-0.00203459	-0.277196,-0.258228,-0.22166,-0.260122,-0.29237,-0.435038,-0.309969,-0.220358,-0.279881,-0.339552,-0.274641,-0.240927,-0.122092,-0.107885,-0.182345,-0.137273,-0.21033,-0.165872,-0.247827,-0.160678	0.281254,0.250664,0.291601,0.26702,0.23928,0.403277,0.276884,0.24499,0.26134,0.311727,0.302044,0.179536,0.0837145,0.202933,0.187596,0.230379,0.178368,0.202624,0.0638733,0.158695
0.0201057,0.0672815,0.00547215,0.00616333,0.142244,0.104709,0.0804391,0.0861494,0.086449,-0.00994007,0.0832962,0.144071,0.189181,0.127541,-0.0953873,0.229489,0.180447,0.0545535,0.230487,-0.0345023	-0.136522,-0.117515,-0.0569812,-0.203874,-0.0504491,-0.0487566,-0.242215,-0.0602334,-0.148702,-0.167732,-0.0619697,-0.0277914,0.147518,0.0853747,0.00810169,0.203006,0.125647,0.0581224,0.18493,-0.0396624	0.156199,0.183347,0.0624339,0.209774,0.19132,0.152686,0.316488,0.145627,0.232167,0.158055,0.14452,0.171177,0.0428596,0.0426305,-0.103409,0.0277778,0.0560719,-0.00358032,0.0475849,0.00516726
0.00717196,0.0561779,0.0793861,-0.0195753,-0.0532394,-0.0079328,-0.0722326,-0.000178444,-0.0368845,-0.0473515,-0.0253797,-0.0722961,0.163008,-0.0811558,0.00545234,0.0226655,0.0962271,0.261911,-0.201583,0.487525	-0.0448292,-0.00773874,-0.0719987,0.0456963,-0.0928357,-0.109342,-0.0452132,-0.0475948,-0.0769783,-0.067923,-0.0586815,-0.0325694,0.0350474,-0.0399055,0.142759,0.0604826,-0.0146235,0.272847,-0.156004,0.441202	0.0519844,0.0638889,0.150524,-0.0652132,0.039793,0.101498,-0.027108,0.0474167,0.040208,0.0206379,0.0333515,-0.0398205,0.128696,-0.0413843,-0.137413,-0.0378691,0.110695,-0.0117773,-0.0470588,0.0590177
-0.0337682,-0.00916319,-0.0878497,-0.108503,-0.0523332,-0.202924,-0.0429752,-0.0981474,-0.0773703,-0.183265,-0.10014,-0.0931149,-0.141535,-0.231951,-0.361594,-0.284414,-0.306833,-0.150328,-0.186284,-0.149484	0.0274755,-0.00688817,-0.0187555,-0.0587594,-0.0520576,-0.0340075,-0.0851876,-0.0551193,-0.103693,-0.0952743,0.00865869,-0.0622353,-0.180211,-0.0448902,-0.0002145,-0.0417423,-0.232253,0.0715404,-0.140499,-0.0347936	-0.061187,-0.00227516,-0.0692083,-0.0500629,-0.000276358,-0.170091,0.0423675,-0.0432621,0.0265356,-0.0895541,-0.108705,-0.0310596,0.0396886,-0.189029,-0.361408,-0.245588,-0.0803028,-0.219508,-0.0470158,-0.11529
-0.0993756,-0.0758133,-0.184275,-0.0920312,-0.129385,-0.304321,-0.0340636,-0.0544609,-0.0651655,-0.242649,-0.1294,-0.0611031,-0.151636,-0.0816819,-0.245659,-0.092145,-0.113469,-0.170992,-0.153949,-0.166458	0.00773004,-0.0214728,0.00538358,-0.089185,-0.0981673,-0.062396,-0.0997234,0.0302669,-0.0602608,-0.140142,0.00919732,-0.0617066,-0.119504,0.0756964,0.03767,0.134438,0.0268694,0.0385215,-0.139258,-0.0315962	-0.107023,-0.054429,-0.189471,-0.00286985,-0.0316189,-0.246608,0.0658836,-0.0845883,-0.00492403,-0.106116,-0.138432,0.000605785,-0.0327252,-0.156411,-0.280731,-0.22381,-0.139912,-0.208142,-0.0150132,-0.135575
0.00329463,0.0622366,0.0105465,-0.0252747,0.000357974,0.0259516,-0.0400412,-0.0221655,-0.0165905,-0.0185583,-0.0493605,-0.00628931,0.156099,-0.176052,-0.000460617,-0.0818327,0.0902454,0.244928,0.0441853,0.492652	-0.0122027,-0.000305064,-0.0393729,0.0773279,-0.0370434,-0.0876923,-0.0125681,0.0199601,-0.0120748,-0.0332884,-0.0488464,0.0275543,0.181154,-0.0904177,0.0692289,0.14725,0.269721,0.0828645,-0.0136232,0.458039	0.0154967,0.0625405,0.0498987,-0.102403,0.0374009,0.113386,-0.0274869,-0.042107,-0.00451656,0.0147392,-0.000515287,-0.0338378,-0.0257848,-0.0870191,-0.0696873,-0.226355,-0.183954,0.165421,0.0577737,0.0446999
-0.0487953,-0.0663476,-0.0937287,-0.110174,-0.170122,-0.277961,-0.102922,-0.162524,-0.143414,-0.176185,-0.16783,-0.20421,-0.294643,-0.338606,-0.30375,-0.430855,-0.373075,-0.229237,-0.333584,-0.114131	0.0557807,-0.000415397,0.0147753,-0.035172,-0.0119595,-0.0221231,-0.0602846,0.00423665,-0.0531867,-0.0711264,0.0160849,-0.00942643,-0.0396143,-0.0914441,-0.0735642,0.0576829,0.0574581,-0.0878363,-0.039762,-0.0261026	-0.104292,-0.0659341,-0.108354,-0.0752941,-0.158485,-0.257421,-0.0429039,-0.166646,-0.0909207,-0.106391,-0.18342,-0.195159,-0.25804,-0.255059,-0.235447,-0.47669,-0.421498,-0.144306,-0.297771,-0.0882917
-0.115565,-0.131032,-0.20642,-0.0981778,-0.24414,-0.368937,-0.0962019,-0.130013,-0.137187,-0.238017,-0.2,-0.180841,-0.31284,-0.204521,-0.162815,-0.307268,-0.26739,-0.232202,-0.301863,-0.132999	0.00430012,-0.0157014,-0.0585331,-0.0947651,-0.0577605,-0.0305567,-0.0761687,0.00988894,-0.0466297,-0.121353,-0.0146984,-0.00746269,-0.0786728,-0.0177786,0.032793,0.0306461,0.0572534,0,0.0459644,-0.0297317	-0.119806,-0.115568,-0.149696,-0.00344481,-0.189046,-0.342239,-0.020181,-0.139722,-0.0911399,-0.120135,-0.185848,-0.173613,-0.240076,-0.187424,-0.194569,-0.334762,-0.319749,-0.232202,-0.343067,-0.103677
-0.0678917,-0.0721771,-0.112054,0.0251941,-0.0770957,-0.116456,0.0102453,0.0442716,0.0129562,-0.058636,-0.0291786,0.0358539,-0.0272109,0.153653,0.178396,0.217494,0.203506,-0.0372549,0.0406025,-0.0457903	0.00120536,-0.072314,-0.0652174,-0.0722986,-0.056375,-0.0553821,-0.0404331,0.0300974,-0.0309855,-0.103274,0.031508,-0.0014742,-0.234953,0.145024,0.0348132,0.123473,-0.0327977,-0.220429,0.00760938,-0.475543	-0.0690914,0.000137646,-0.0471812,0.0973154,-0.0208112,-0.0614701,0.0506574,0.0141932,0.0439241,0.0449097,-0.0606308,0.0373261,0.209079,0.00882569,0.144481,0.0966157,0.234737,0.18469,0.0330033,0.439319
